q01: 单节点快
        loc         a[b]      .L_QUANTITY(get data)           .agg          b是单个条件
单节点：0.015 0.017 0.277       2.170 0.008 0.103 0.302 0.017 0.865
双节点：0.024 0.036 0.503       3.807 0.009 0.167 0.349 0.031 2.179


q06： 双节点快
        loc   .L_SHIPDATE(get data)     a[b]   （c*d).sum                   b是多个条件
单节点： 0.009    0.431                   1.236   0.677
双节点： 0.015    0.703                   0.294   0.452




q02： 单节点快 loc\merge\sort

单节点：0.003 0.012 0.007 0.075 0.001 0.002 0.046 0.001 0.005 0.353 0.001 0.194 0.317 0.019 0.093 0.082 0.097 0.000 0.078 0.085 0.494
双节点：0.003 0.010 0.006 0.076 0.001 0.002 0.044 0.001 0.006 0.494 0.001 0.209 0.457 0.024 0.286 0.131 0.140 0.000 0.116 0.139 0.608


q14
0.004 0.118 0.826 0.140 0.275 0.331 0.000

0.004 0.361 1.156 0.346 0.402 0.601 0.000



单节点
Q01 Execution time (s):  2.738255262374878
0.011 0.021 0.269 0.505 0.005 0.090 0.179 0.014 1.619 0.026

Q01 Execution time (s):  5.342669486999512
0.018 0.031 0.508 1.649 0.008 0.216 0.343 0.025 2.516 0.029
